DRIVER
  os.environ['SMA_TSO_COSMOS_ELEMAT'] = '1'
  driver.registerSaveRule( UpdateRules.COPY, CheckPoints.ITER_COMPLETE, EventTimes.LAST, [ '*.ste*' ], 'SAVE.ste', '' )
  driver.registerSaveRule( UpdateRules.COPY, CheckPoints.ITER_COMPLETE, EventTimes.LAST, [ '*.lcd*' ], 'SAVE.ste', '' )
  driver.registerSaveRule( UpdateRules.COPY, CheckPoints.ITER_COMPLETE, EventTimes.LAST, [ '*.lcm*' ], 'SAVE.ste', '' )
END_

FEM_INPUT
  ID_NAME = landing_gear_spar-Topology_Study_1_1
  FILE = landing_gear_spar-Topology Study 1.NOD
END_

*SET_DB,rint,130,1

GROUP_DEF
  ID_NAME = FROZEN_AREA_ELEMS_GRP_1
  TYPE=ELEM
  FORMAT=LIST
  LIST_BEGIN
48,579,633,884,1061,1082,1164,1647,1736,1811,1878,1936,2092,2337,2370,2465,2683,2784,2885,
3038,3111,3792,3850,3862,4047,4161,4286,4358,4551,4735,4850,4855,4971,4976,5463,5559,5572,
5675,5694,5696,5755,5764,5768,6239,6246,6267,6286,6319,6366,6397,6421,6441,6477,6486,6496,
6503,6504,6524,6537,6540,6541,6565,6588,6589,6593,6598,6608,6615,6616,6629,6636,6644,6654,
6659,6685,6687,6691,6697,6704,6710,6712,6721,6739,6748,6764,6780,6802,6819,6828,6831,6838,
6839,6850,6855,6865,6874,6876,6885,6920,6926,6946,6948,6982,6991,6992,6999,7001,7033,7038,
7046,7047,7052,7059,7083,7089,7091,7092,7095,7101,7103,7141,7143,7147,7153,7154,7162,7163,
7180,7196,7198,7200,7204,7238,7260,7277,7282,7310,7319,7380,7394,7410,7427,7432,7462,7465,
7504,7522,7537,7542,7555,7601,7613,7625,7632,7648,7659,7748,7751,7754,7811,7858,7894,7902,
7950,7981,8127,8148,8151,8165,8183,8191,8209,8261,8320,8331,8388,8394,8397,8412,8415,8425,
8439,8442,8521,8525,8555,8583,8600,8603,8619,8642,8643,8655,8676,8685,8695,8702,8710,8728,
8793,8819,8846,8851,8854,8860,8906,8966,8973,8982,8985,8992,9013,9023,9031,9138,9139,9150,
9152,9156,9158,9163,9165,9180,9190,9196,9200,9208,9211,9239,9241,9252,9257,9278,9282,9285,
9305,9307,9322,9332,9337,9343,9350,9362,9424,9444,9458,9489,9495,9498,9509,9519,9528,9533,
9536,9537,9549,9565,9574,9576,9586,9608,9610,9611,9612,9639,9694,9721,9749,9776,9817,9844,
9857,9864,9895,9920,9933,9947,10018,10030,10061,10065,10072,10076,10078,10090,10107,10109,
10133,10144,10157,10160,10161,10168,10176,10202,10207,10209,10216,10226,10227,10232,10233,
10234,10237,10238,10239,10244,10262,10266,10323,10331,10339,10356,10420,10424,10463,10504,
10514,10539,10548,10599,10625,10633,10642,10653,10663,10685,10689,10702,10722,10733,10760,
10773,10774,10811,10818,10821,10876,10894,10898,10978,10986,11027,11034,11053,11109,11191,
11239,11274,11280,11282,11299,11307,11309,11317,11318,11324,11347,11351,11371,11372,11400,
11427,11462,11487,11489,11494,11496,11501,11503,11507,11514,11537,11551,11552,11567,11573,
11596,11597,11603,11606,11614,11618,11625,11639,11658,11662,11664,11683,11702,11704,11705,
11706,11716,11730,11768,11814,11816,11849,11857,11858,11860,11863,11883,11942,11947,11949,
11950,11961,11965,11967,11985,11990,11997,12015,12018,12023,12030,12044,12046,12052,12056,
12058,12073,12100,12105,12112,12114,12126,12150,12182,12192,12205,12275,12278,12280,12292,
12294,12299,12308,12311,12331,12332,12352,12358,12364,12367,12368,12373,12394,12395,12396,
12399,12428,12444,12472,12481,12489,12493,12525,12531,12535,12537,12552,12555,12560,12561,
12584,12659,12672,12673,12762,12821,12822,12826,12841,12842,12874,12890,12891,12900,12919,
12920,12925,12928,12929,12934,12935,12936,12941,12943,12959,13047,13073,13121,13149,13152,
13157,13158,13164,13176,13182,13193,13203,13207,13210,13214,13217,13234,13249,13254,13262,
13265,13270,13275,13316,13320,13350,13355,13356,13357,13366,13373,13397,13405,13410,13411,
13413,13419,13431,13432,13434,13464,13492,13497,13499,13503,13512,13522,13532,13540,13548,
13571,13575,13592,13599,13607,13609,13610,13618,13619,13629,13631,13632,13637,13641,13644,
13647,13651,13659,13675,13689,13724,13726,13729,13738,13739,13743,13744,13759,13769,13770,
13781,13795,13798,13799,13810,13818,13852,13865,13872,13875,13972,14002,14022,14028,14106,
14122,14146,14150,14181,14206,14210,14223,14256,14282,14292,14298,14304,14310,14353,14357,
14389,14390,14396,14397,14412,14414,14422,14426,14432,14435,14443,14451,14462,14476,14489,
14503,14513,14514,14537,14562,14563,14569,14580,14600,14607,14616,14641,14643,14651,14656,
14663,14664,14668,14674,14675,14683,14700,14712,14726,14814,14821,14829,14840,14868,14869,
14899,14910,14914,14919,14923,14992,14999,15007,15025,15031,15045,15077,15118,15122,15131,
15143,15147,15152,15174,15178,15211,15253,15254,15287,15299,15317,15324,15331,15348,15352,
15400,15403,15405,15408,15416,15431,15433,15434,15439,15441,15509,15515,15521,15547,15556,
15559,15568,15575,15577,15598,15604,15607,15616,15619,15623,15636,15637,15640,15690,15700,
15708,15734,15742,15744,15790,15829,15830,15833,15838,15863,15869,15890,15935,15936,15939,
15964,15971,15987,15992,15994,16010,16014,16028,16043,16044,16048,16055,16104,16122,16180,
16192,16198,16244,16266,16275,16294,16301,16314,16315,16348,16361,16392,16400,16436,16479,
16509,16510,16511,16514,16522,16527,16562,16611,16614,16652,16664,16666,16684,16687,16711,
16755,16759,16780,16782,16794,16803,16804,16822,16831,16832,16839,16841,16880,16892,16895,
16898,16901,16904,16906,16912,16915,16928,16932,16938,16955,16964,17005,17010,17014,17046,
17054,17061,17076,17115,17116,17129,17163,17168,17185,17195,17209,17215,17250,17253,17313,
17314,17327,17329,17331,17339,17353,17354,17369,17392,17408,17427,17434,17445,17490,17493,
17502,17503,17504,17507,17510,17526,17527,17534,17543,17546,17550,17551,17556,17559,17565,
17570,17571,17572,17585,17589,17593,17595,17597,17598,17637,17640,17643,17670,17681,17683,
17687,17708,17710,17711,17715,17722,17732,17762,17797,17812,17829,17841,17846,17883,17885,
17916,17918,17945,17967,17969,17979,17981,17988,18054,18062,18087,18101,18114,18135,18150,
18153,18160,18208,18231,18306,18336,18343,18344,18346,18351,18373,18392,18400,18406,18407,
18410,18420,18421,18424,18429,18432,18435,18446,18481,18493,18518,18520,18532,18535,18545,
18555,18568,18582,18590,18591,18592,18598,18607,18646,18650,18657,18660,18662,18664,18687,
18689,18698,18702,18716,18720,18747,18749,18751,18756,18763,18783,18802,18804,18807,18823,
18882,18897,18902,18906,18927,18947,18958,18959,18978,18990,19020,19023,19024,19025,19039,
19089,19104,19105,19119,19125,19127,19135,19146,19148,19149,19151,19152,19162,19165,19169,
19203,19236,19248,19250,19260,19276,19285,19296,19304,19316,19339,19350,19359,19375,19383,
19385,19408,19422,19444,19455,19458,19461,19462,19475,19516,19517,19525,19540,19548,19556,
19562,19570,19573,19582,19590,19630,19645,19646,19701,19734,19735,19738,19744,19749,19757,
19758,19778,19783,19787,19816,19822,19825,19830,19836,19852,19878,19881,19884,19890,19902,
19903,19978,20030,20035,20067,20094,20100,20184,20250,20393,20417,20517,20523,20528,20553,
20589,20613,20631,20674,20675,20700,20772,20777,20784,20790,20843,20887,20924,20947,20992,
21023,21043,21074,21076,21078,21085,21086,21105,21111,21124,21134,21137,21139,21243,21256,
21257,21260,21263,21312,21342,21353,21356,21377,21388,21395,21399,21400,21416,21430,21483,
21488,21532,21534,21545,21563,21567,21607,21617,21632,21704,21725,21822,21831,21835,21877,
21902,21935,21940,21975,22016,22019,22020,22021,22051,22101,22104,22110,22161,22163,22164,
22185,22207,22245,22257,22258,22275,22326,22329,22335,22344,22349,22352,22357,22362,22365,
22382,22394,22398,22428,22448,22490,22495,22551,22557,22591,22600,22601,22604,22608,22620,
22623,22661,22679,22681,22741,22749,22756,22776,22792,22796,22801,22817,22821,22825,22827,
22845,22858,22860,22861,22867,22871,22896,22897,22898,22929,22936,22939,22949,22959,22965,
22974,22996,23000,23012,23036,23051,23057,23103,23148,23150,23158,23169,23171,23174,23178,
23191,23193,23204,23295,23303,23311,23324,23328,23392,23397,23400,23405,23410,23415,23418,
23468,23469,23525,23526,23539,23551,23560,23567,23572,23581,23601,23606,23615,23617,23627,
23629,23632,23634,23635,23665,23669,23678,23679,23687,23690,23696,23697,23709,23729,23737,
23746,23748,23773,23774,23775,23786,23805,23806,23814,23816,23817,23819,23823,23826,23832,
23833,23844,23856,23864,23871,23879,23899,23909,23917,23918,23924,23927,23942,23945,23955,
23960,23965,23973,23977,23985,23989,24004,24019,24042,24067,24074,24094,24102,24115,24118,
24138,24141,24152,24154,24156,24157,24158,24176,24211,24212,24229,24230,24245,24263,24276,
24285,24293,24294,24296,24302,24306,24309,24311,24318,24327,24328,24331,24338,24357,24366,
24394,24399,24427,24448,24449,24466,24469,24510,24511,24513,24569,24582,24584,24589,24593,
24611,24614,24626,24640,24649,24654,24664,24667,24669,24671,24691,24747,24753,24754,24756,
24759,24772,24782,24787,24794,24823,24829,24841,24889,24899,24911,24917,24922,24929,24933,
24934,24940,24941,24944,24950,24960,25005,25011,25013,25036,25056,25062,25093,25097,25102,
25107,25112,25115,25122,25123,25142,25166,25208,25212,25217,25223,25232,25243,25259,25263,
25307,25330,25352,25358,25359,25360,25362,25376,25377,25384,25388,25418,25419,25430,25431,
25434,25467,25470,25496,25497,25596,25600,25606,25623,25628,25647,25672,25687,25689,25705,
25716,25723,25725,25728,25735,25751,25762,25783,25789,25790,25792,25794,25796,25804,25805,
25811,25818,25819,25821,25824,25829,25832,25833,25841,25848,25861,25864,25869,25871,25873,
25876,25888,25890,25895,25910,25911,25913,25914,25920,25922,25923,25930,25931,25932,25935,
25953,25961,25964,25968,25972,25973,25975,25983,25988,25991,25994,25999,26010,26014,26018,
26024,26025,26032,26034,26035,26048,26052,26053,26058,26068,26070,26073,26076,26082,26085,
26086,26087,26089,26092,26093,26095,26098,26106,26107,26108,26110,26112,26118,26126,26127,
26136,26137,26140,26142,26146,26153,26175,26183,26191,26192,26205,26207,26208,26230,26233,
26257,26262,26272,26293,26324,26329,26335,26342,26372,26387,26392,26416,26432,26459,26467,
26468,26488,26492,26497,26499,26528,26531,26533,26543,26556,26557,26570,26577,26611,26615,
26628,26630,26638,26649,26656,26657,26699,26704,26728,26755,26757,26785,26796,26801,26812,
26825,26830,26832,26859,26871,26878,26893,26896,26942,26943,26964,26966,26976,27017,27032,
27037,27040,27050,27057,27077,27078,27079,27081,27100,27102,27110,27114,27122,27127,27129,
27134,27135,27137,27141,27149,27151,27152,27154,27157,27162,27167,27183,27198,27204,27212,
27219,27220,27222,27224,27225,27230,27237,27240,27247,27252,27259,27270,27272,27278,27284,
27288,27289,27292,27294,27302,27305,27307,27309,27313,27332,27337,27342,27343,27351,27355,
27356,27358,27361,27365,27375,27376,27378,27380,27383,27386,27387,27389,27392,27396,27404,
27409,27435,27451,27458,27475,27483,27489,27493,27496,27514,27515,27519,27525,27526,27602,
27609,27620,27635,27657,27682,27729,27748,27754,27755,27771,27774,27785,27795,27797,27798,
27807,27808,27811,27812,27821,27843,27845,27855,27864,27866,27881,27888,27889,27890,27898,
27902,27916,27926,28003,28014,28031,28047,28053,28098,28102,28113,28118,28149,28150,28151,
28156,28157,28158,28170,28173,28175,28214,28224,28233,28285,28304,28308,28315,28328,28357,
28358,28360,28376,28411,28497,28536,28589,28603,28724,28770,28773,28804,28816,28832,28835,
28836,28841,28847,28857,28859,28862,28875,28882,28885,28906,28939,28961,28981,28987,28992,
29014,29036,29044,29059,29089,29099,29110,29130,29131,29134,29141,29179,29190,29207,29218,
29222,29258,29286,29317,29323,29331,29380,29384,29409,29427,29445,29468,29474,29510,29639,
29680,29695,29705,29742,29745,29755,29756,29764,29766,29769,29786,29877,29938,29950,29953,
29954,29957,29967,29970,29975,30189,30190,30199,30206,30207,30222,30234,30242,30319,30338,
30359,30382,30386,30409,30429,30492,30584,30617,30642,30660,30665,30743,30841,30845,30898,
30975,30982,30994,31027,31075,31080,31102,31103,31121,31172,31178,31186,31207,31214,31217,
31221,31232,31260,31277,31430,31458,31464,31465,31471,31482,31500,31511,31518,31534,31540,
31544,31546,31594,31600,31615,31710,31740,31763,31768,31814,31859,31878,31885,31943,31955,
31960,31972,31988,32028,32051,32058,32079,32081,32140,32164,32175,32210,32214,32219,32220,
32239,32257,32269,32270,32278,32280,32282,32284,32288,32292,32302,32303,32315,32317,32318,
32320,32335,32337,32340,32341,32345,32348,32350,32351,32352,32357,32361,32381,32385,32390,
32394,32397,32401,32412,32414,32423,32436,32438,32445,32449,32465,32467,32471,32483,32488,
32489,32490,32494,32506,32507,32509,32535,32563,32565,32569,32581,32586,32606,32610,32613,
32616,32626,32642,32648,32676,32677,32685,32687,32697,32731,32745,32746,32752,32763,32767,
32781,32792,32794,32804,32809,32812,32814,32835,32853,32880,32905,32915,32917,32922,32925,
32927,32931,32935,32940,32943,32945,32946,32987,32988,32989,32992,32997,33001,33003,33005,
33007,33024,33028,33029,33033,33034,33037,33038,33041,33042,33046,33047,33050,33052,33056,
33057,33063,33067,33069,33070,33072,33075,33082,33083,33086,33092,33098,33099,33102,33105,
33106,33134,33136,33143,33148,33149,33152,33159,33160,33161,33162,33164,33168,33171,33175,
33178,33187,33188,33194,33197,33204,33211,33215,33217,33221,33222,33226,33229,33230,33233,
33244,33248,33249,33251,33252,33255,33256,33262,33269,33272,33274,33281,33287,33291,33300,
33301,33303,33313,33316,33326,33357,33359,33361,33363,33367,33370,33380,33383,33384,33401,
33404,33406,33420,33434,33436,33438,33442,33443,33444,33451,33454,33462,33464,33466,33475,
33479,33495,33505,33518,33524,33527,33536,33537,33539,33540,33541,33546,33548,33549,33568,
33572,33582,33583,33588,33615,33622,33634,33638,33642,33650,33658,33661,33672,33678,33679,
33689,33695,33696,33701,33725,33727,33728,33734,33737,33752,33756,33760,33761,33770,33773,
33780,33781,33785,33786,33792,33794,33797,33799,33800,33802,33803,33804,33808,33809,33810,
33816,33820,33822,33823,33828,33832,33834,33838,33839,33840,33851,33852,33853,33854,33856,
33859,33861,33866,33867,33871,33872,33877,33878,33884,33887,33893,33895,33896,33899,33900,
33903,33915,33918,33921,33924,33930,33931,33935,33956,33967,33971,33977,33980,33983,33985,
33993,33996,34002,34003,34007,34026,34027,34028,34036,34038,34047,34052,34055,34058,34060,
34061,34062,34064,34065,34070,34071,34081,34083,34088,34089,34091,34092,34097,34101,34109,
34110,34111,34113,34114,34115,34119,34120,34122,34125,34127,34128,34129,34130,34135,34140,
34146,34148,34152,34154,34155,34158,34160,34164,34165,34170,34172,34176,34180,34181,34186,
34190,34191,34199,34204,34212,34219,34222,34224,34227,34229,34231,34236,34240,34241,34245,
34251,34256,34257,34262,34264,34266,34267,34268,34271,34272,34273,34276,34282,34283,34284,
34286,34287,34289,34290,34292,34294,34297,34300,34321,34325,34326,34334,34336,34340,34341,
34343,34347,34350,34351,34362,34363,34368,34369,34371,34374,34375,34376,34379,34382,34383,
34386,34387,34388,34389,34392,34394,34397,34399,34402,34403,34408,34410,34419,34423,34426,
34427,34428,34429,34436,34437,34438,34445,34453,34454,34455,34457,34459,34471,34484,34490,
34495,34501,34510,34511,34513,34514,34515,34517,34523,34528,34531,34532,34542,34550,34558,
34559,34561,34562,34563,34566,34571,34574,34575,34582,34585,34587,34589,34594,34597,34604,
34605,34612,34615,34617,34623,34628,34632,34634,34647,34653,34656,34657,34660,34665,34666,
34668,34677,34680,34683,34689,34691,34695,34698,34707,34708,34717,34720,34723,34727,34730,
34733,34735,34737,34747,34750,34751,34753,34754,34757,34758,34768,34770,34776,34780,34782,
34784,34787,34788,34793,34794,34796,34800,34801,34803,34804,34805,34814,34817,34818,34841,
34845,34849,34858,34863,34873,34874,34875,34878,34879,34884,34885,34888,34890,34891,34893,
34894,34900,34901,34905,34906,34908,34912,34913,34914,34918,34923,34930,34932,34948,34953,
34968,34969,34974,34975,34978,34980,34997,35001,35007,35008,35009,35023,35025,35034,35037,
35044,35047,35056,35060,35061,35074,35075,35076,35079,35080,35081,35090,35095,35108,35110,
35116,35117,35127,35131,35134,35136,35137,35139,35140,35141,35147,35148,35151,35158,35169,
35175,35190,35194,35196,35198,35202,35203,35205,35209,35212,35220,35221,35225,35228,35229,
35231,35234,35241,35243,35257,35278,35279,35284,35302,35306,35309,35316,35317,35319,35321,
35324,35328,35329,35330,35332,35342,35343,35346,35350,35353,35360,35365,35383,35389,35391,
35394,35399,35407,35410,35416,35418,35419,35421,35424,35427,35428,35430,35441,35443,35446,
35447,35448,35449,35451,35453,35455,35463,35464,35470,35475,35477,35479,35486,35493,35501,
35503,35509,35511,35513,35514,35515,35516,35530,35535,35537,35541,35550,35553,35559,35562,
35570,35574,35575,35580,35582,35588,35589,35593,35604,35606,35610,35614,35618,35620,35622,
35628,35629,35640,35641,35645,35648,35649,35652,35653,35654,35655,35660,35662,35664,35666,
35669,35670,35673,35682,35683,35687,35688,35691,35698,35702,35710,35720,35721,35724,35727,
35730,35733,35735,35742,35744,35748,35755,35758,35765,35768,35772,35781,35786,35790,35791,
35796,35800,35804,35810,35811,35814,35816,35820,35821,35826,35833,35840,35843,35846,35849,
35851,35853,35854,35863,35864,35871,35884,35886,35891,35894,35895,35900,35902,35904,35905,
35911,35912,35915,35922,35925,35928,35931,35932,35936,35937,35938,35944,35945,35949,35962,
35964,35970,35971,35973,35974,35979,35984,35988,35990,35995,35998,36000,36001,36007,36008,
36011,36013,36016,36021,36033,36034,36036,36038,36040,36041,36044,36045,36046,36058,36064,
36071,36073,36074,36080,36081,36087,36091,36095,36098,36103,36106,36107,36109,36113,36125,
36126,36127,36128,36132,36137,36141,36143,36147,36153,36159,36160,36163,36164,36166,36168,
36171,36175,36178,36179,36187,36191,36192,36194,36195,36199,36200,36203,36206,36209,36224,
36227,36230,36234,36238,36239,36244,36249,36250,36251,36253,36263,36267,36269,36291,36292,
36309,36311,36313,36314,36318,36321,36327,36339,36343,36345,36348,36354,36355,36356,36357,
36358,36361,36365,36367,36371,36375,36380,36381,36386,36388,36393,36395,36397,36398,36402,
36406,36410,36412,36413,36426,36427,36435,36437,36439,36444,36448,36455,36457,36458,36464,
36468,36469,36471,36474,36478,36480,36482,36493,36494,36497,36499,36515,36531,36536,36540,
36541,36547,36549,36550,36551,36557,36568,36569,36571,36583,36592,36595,36605,36612,36620,
36622,36624,36626,36629,36631,36637,36650,36651,36653,36658,36659,36661,36665,36667,36671,
36673,36677,36683,36685,36687,36691,36694,36696,36698,36699,36700,36701,36712,36716,36723,
36724,36731,36732,36733,36738,36742,36746,36747,36748,36749,36753,36756,36757,36764,36771,
36785,36786,36787,36789,36796,36799,36800,36804,36806,36807,36814,36816,36823,36826,36827,
36830,36831,36841,36844,36847,36857,36860,36863,36867,36870,36876,36877,36887,36892,36903,
36908,36915,36920,36926,36927,36928,36930,36932,36933,36934,36936,36937,36942,36947,36949,
36951,36956,36957,36959,36961,36963,36965,36975,36985,36990,36997,36998,36999,37003,37009,
37011,37019,37023,37026,37029,37041,37046,37051,37056,37065,37074,37075,37094,37097,37102,
37103,37107,37108,37109,37113,37116,37140,37148,37151,37164,37173,37175,37180,37181,37194,
37195,37197,37199,37204,37224,37230,37231,37232,37235,37236,37241,37264,37279,37290,37291,
37292,37297,37303,37305,37306,37314,37316,37323,37334,37335,37340,37353,37355,37358,37360,
37363,37370,37429,37440,37447,37448,37495,37498,37512,37516,37533,37543,37548,37567,37569,
37589,37600,37634,37672,37673,37698,37699,37707,37709,37726,37727,37728,37766,37767,37770,
37772,37817,37819,37827,37853,37859,37885,37938,37942,37943,37945,37950,37953,37955,37957,
37960,37983,38128,38173,38175,38189,38191,38229,38250,38251,38261,38321,38344,38391,38401,
38446,38528,38546,38593,38594,38618,38677,38880,38881,38883,38931,38933,38936,38937,38967,
39016,39051,39065,39070,39162,39193,39239,39243,39294,39295,39330,39397,39398,39399,39400,
39571,39573,39818,39820,39821,39873,39908,39959,40049,40068,40126,40132,40235,40248,40433,
40439,40488,40799,40821,40887,40934,40935,41020,41021,41250,41350,41506,41553,41695,41885,
42047,42073,42158,42199,42337,42406,42529,42665,42760,42962,42967,43093,43201,43227,43282,
43297,43300,43585,43625,44210,44214,44292,44388,44397,44737,44744,44810,45079,45237,45242,
45321,45384,45471,45481,45490,45638,45805,45808,45813,45816,45916,45970,46091,46114,46234,
46490,46493,46600,46827,47099,47100,47102,47232,47459,47731,47774,48049,48081,48140,48567,
48604,48691,48745,48806,48942,49126,49256,49508,49625,49675,49711,49790,49828,49913,50018,
50052,50058,50501,50511,50519,50651,50704,50735,50911,50916,51006,51273,51423,51605,51612,
51613,51738,51789,51852,51992,52099,52212,52218,52263,52418,52435,52439,52801,52886,52889,
52954,53229,53473,53536,53560,53757,53761,53799,53836,53845,53959,53961,53962,53974,54153,
54166,54273,54287,54298,54399,54401,54429,54618,54689,54692,54735,54792,54836,54862,54988,
55048,55055,55113,55233,55483,55569,55571,55791,55908,55913,55941,56041,56126,56143,56221,
56445,56826,56854,56855,56860,56988,57235,57236,57384,57397,57429,57466,57521,57616,57928,
57939,58022,58051,58208,58250,58333,58381,58418,58534,58612,58683,58877,58879,58973,58982,
58985,59094,59095,59104,59153,59227,59318,59395,59397,59407,59475,59615,59691,59695,59714,
59734,59755,59756,59784,59786,59810,59819,59840,59859,59881,59966,60018,60032,60033,60085,
60254,60261,60268,60295,60435,60437,60475,60477,60555,60583,61103,61776,62570,62971,63937,
64329,66973,69483,70204,71837,72091,72127,72136,74706
END_

! ----------------------------------------------------------------
!
! Design Response: Stiffness_Measure
!
DRESP
  ID_NAME = Stiffness_Measure
  LIST = NO_LIST
  DEF_TYPE = SYSTEM
  EL_GROUP = ALL_ELEMENTS
  TYPE = ENERGY_STIFF_MEASURE
  GROUP_OPER = SUM
  LC_SEL = SUM 
  LC_SET = STATIC, ALL, ALL, MAX
END_

! ----------------------------------------------------------------
!
! Design Response: Mass_DResp_1
!
DRESP
  ID_NAME = Mass_DResp_1
  LIST = NO_LIST
  DEF_TYPE = SYSTEM
  EL_GROUP = ALL_ELEMENTS
  TYPE = WEIGHT
  GROUP_OPER = SUM
END_

! ----------------------------------------------------------------
!
!
! Design Area: Task1_DESIGN_AREA
!
DV_TOPO
  ID_NAME = Task1_DESIGN_AREA
  EL_GROUP = ALL_ELEMENTS
END_

! ----------------------------------------------------------------
!
! Objective Function: StiffnessEnergy_Obj_Func
!
OBJ_FUNC
  ID_NAME = StiffnessEnergy_Obj_Func
  DRESP = Stiffness_Measure, 1.0
  TARGET = MIN
END_

! ----------------------------------------------------------------
!
! Constraint: Mass_Constraint_1
!
CONSTRAINT
  ID_NAME = Mass_Constraint_1
  DRESP = Mass_DResp_1
  MAGNITUDE = REL
  LE_VALUE = 0.3
END_

! ----------------------------------------------------------------
!
! Geometric Restriction: Frozen_ManufacConstraint_2
!
DVCON_TOPO
  ID_NAME = Frozen_ManufacConstraint_2
  EL_GROUP = FROZEN_AREA_ELEMS_GRP_1
  CHECK_TYPE = FROZEN
END_

! ----------------------------------------------------------------
!
!
! Optimize: OPTIMIZE_1_TOPOLOGY_OPTIMIZATION_CONTROLLER 
!
OPTIMIZE
  ID_NAME = OPTIMIZE_1_TOPOLOGY_OPTIMIZATION_SENSITIVITY
  DV = Task1_DESIGN_AREA
  OBJ_FUNC = StiffnessEnergy_Obj_Func
  DVCON = Frozen_ManufacConstraint_2
  CONSTRAINT = Mass_Constraint_1
  STRATEGY = TOPO_SENSITIVITY
END_

OPT_PARAM
  ID_NAME = OPTIMIZE_1_TOPOLOGY_OPTIMIZATION_SENSITIVITY_OPT_PARAM_
  OPTIMIZE = OPTIMIZE_1_TOPOLOGY_OPTIMIZATION_SENSITIVITY
  DV_UPDATE_STRATEGY = CSA
  STABILIZATION = YES
  AUTO_FROZEN = BOTH
  AUTO_FROZEN_CON = BOTH
  STOP_CRITERION_LEVEL = BOTH
  STOP_CRITERION_OBJ = 0.001
  STOP_CRITERION_DENSITY = 0.005
END_

STOP
  ID_NAME = Task-1_GLOBAL_STOP_CONDITION_
  ITER_MAX = 75
END_

